     1     1
      1.6812306494999998E+00      1.6812306494999998E+00      1.6812306494999998E+00
          0.4640663131830403         -0.0000000000000001          0.0000000000000001
         -0.0000000000000001          0.4640663131830404         -0.0000000000000001
          0.0000000000000001         -0.0000000000000001          0.4640663131830404
     1     2
      0.0000000000000000E+00      0.0000000000000000E+00      0.0000000000000000E+00
         -0.0960167253814887         -0.0246254943661807         -0.0246254943646198
         -0.0246254943661807         -0.0960167253816455         -0.0246254943661807
         -0.0246254943646198         -0.0246254943661807         -0.0960167253814888
     1     3
      3.3624612989999996E+00      3.3624612989999996E+00      0.0000000000000000E+00
         -0.0960167252739467         -0.0246254943671172          0.0246254943796662
         -0.0246254943671172         -0.0960167252739897          0.0246254943787343
          0.0246254943796662          0.0246254943787343         -0.0960167252735574
     1     4
      3.3624612989999996E+00      0.0000000000000000E+00      3.3624612989999996E+00
         -0.0960167252778914          0.0246254943794252         -0.0246254943675051
          0.0246254943794252         -0.0960167252772593          0.0246254943794251
         -0.0246254943675051          0.0246254943794251         -0.0960167252778914
     1     5
      0.0000000000000000E+00      3.3624612989999996E+00      3.3624612989999996E+00
         -0.0960167252735573          0.0246254943787342          0.0246254943796662
          0.0246254943787342         -0.0960167252739897         -0.0246254943671172
          0.0246254943796662         -0.0246254943671172         -0.0960167252739466
     1     6
      1.6812306494999998E+00     -1.6812306494999998E+00     -1.6812306494999998E+00
          0.0140534880780964          0.0077152695795610          0.0077152695795610
         -0.0077152695795609         -0.0158555782603544         -0.0164643184904888
         -0.0077152695795610         -0.0164643184904888         -0.0158555782603544
     1     7
      5.0436919484999994E+00      1.6812306494999998E+00     -1.6812306495000000E+00
         -0.0158555782603543         -0.0077152695795609          0.0164643184904888
          0.0077152695795610          0.0140534880780965         -0.0077152695795610
          0.0164643184904888          0.0077152695795610         -0.0158555782603543
     1     8
      5.0436919484999994E+00     -1.6812306495000000E+00      1.6812306494999998E+00
         -0.0158555782603543          0.0164643184904889         -0.0077152695795610
          0.0164643184904889         -0.0158555782603543          0.0077152695795610
          0.0077152695795610         -0.0077152695795610          0.0140534880780965
     1     9
     -1.6812306494999998E+00      1.6812306494999998E+00     -1.6812306494999998E+00
         -0.0158555782603544         -0.0077152695795610         -0.0164643184904889
          0.0077152695795609          0.0140534880780964          0.0077152695795609
         -0.0164643184904889         -0.0077152695795610         -0.0158555782603544
     1    10
      1.6812306494999998E+00      5.0436919484999994E+00     -1.6812306495000000E+00
          0.0140534880780965          0.0077152695795609         -0.0077152695795609
         -0.0077152695795609         -0.0158555782603543          0.0164643184904889
          0.0077152695795610          0.0164643184904889         -0.0158555782603544
     1    11
     -1.6812306494999998E+00     -1.6812306494999998E+00      1.6812306494999998E+00
         -0.0158555782603544         -0.0164643184904888         -0.0077152695795610
         -0.0164643184904888         -0.0158555782603544         -0.0077152695795609
          0.0077152695795610          0.0077152695795609          0.0140534880780964
     1    12
      5.0436919484999994E+00      5.0436919484999994E+00      1.6812306494999998E+00
         -0.0158555782603544         -0.0164643184904888          0.0077152695795609
         -0.0164643184904888         -0.0158555782603544          0.0077152695795610
         -0.0077152695795609         -0.0077152695795610          0.0140534880780964
     1    13
      1.6812306494999998E+00     -1.6812306494999998E+00      5.0436919484999994E+00
          0.0140534880780965         -0.0077152695795610          0.0077152695795610
          0.0077152695795610         -0.0158555782603543          0.0164643184904889
         -0.0077152695795610          0.0164643184904889         -0.0158555782603544
     1    14
      5.0436919484999994E+00      1.6812306495000000E+00      5.0436919484999994E+00
         -0.0158555782603544          0.0077152695795610         -0.0164643184904889
         -0.0077152695795610          0.0140534880780964         -0.0077152695795610
         -0.0164643184904889          0.0077152695795610         -0.0158555782603544
     1    15
     -1.6812306495000000E+00      5.0436919484999994E+00      1.6812306494999998E+00
         -0.0158555782603543          0.0164643184904889          0.0077152695795609
          0.0164643184904889         -0.0158555782603543         -0.0077152695795609
         -0.0077152695795609          0.0077152695795609          0.0140534880780965
     1    16
     -1.6812306494999998E+00      1.6812306494999998E+00      5.0436919484999994E+00
         -0.0158555782603543          0.0077152695795610          0.0164643184904888
         -0.0077152695795610          0.0140534880780965          0.0077152695795610
          0.0164643184904888         -0.0077152695795609         -0.0158555782603543
     1    17
      1.6812306495000000E+00      5.0436919484999994E+00      5.0436919484999994E+00
          0.0140534880780964         -0.0077152695795610         -0.0077152695795609
          0.0077152695795610         -0.0158555782603544         -0.0164643184904888
          0.0077152695795609         -0.0164643184904888         -0.0158555782603544
     1    18
      3.3624612989999996E+00      0.0000000000000000E+00     -3.3624612989999996E+00
          0.0013399223641739         -0.0003991985141539         -0.0009535342148183
         -0.0003991985141539          0.0013399223615549          0.0009535342272518
         -0.0009535342148183          0.0009535342272518          0.0008537047829581
     1    19
      3.3624612989999996E+00     -3.3624612989999996E+00      0.0000000000000000E+00
          0.0013399223663123         -0.0009535342170113         -0.0003991985157248
         -0.0009535342170113          0.0008537047851951          0.0009535342289777
         -0.0003991985157248          0.0009535342289777          0.0013399223636426
     1    20
      6.7249225979999991E+00      0.0000000000000000E+00      0.0000000000000000E+00
          0.0008537048054345         -0.0009535342362342         -0.0009535342352528
         -0.0009535342362342          0.0013399223868411          0.0003991985082718
         -0.0009535342352528          0.0003991985082718          0.0013399223870353
     1    21
      0.0000000000000000E+00      3.3624612989999996E+00     -3.3624612989999996E+00
          0.0013399223640441         -0.0003991985144955          0.0009535342266765
         -0.0003991985144955          0.0013399223668389         -0.0009535342145975
          0.0009535342266765         -0.0009535342145975          0.0008537047856703
     1    22
      0.0000000000000000E+00     -3.3624612989999996E+00      3.3624612989999996E+00
          0.0013399223636426          0.0009535342289777         -0.0003991985157248
          0.0009535342289777          0.0008537047851951         -0.0009535342170113
         -0.0003991985157248         -0.0009535342170113          0.0013399223663123
     1    23
      6.7249225979999991E+00      3.3624612989999991E+00      3.3624612989999996E+00
          0.0008537048471894          0.0009535342343619          0.0009535342356980
          0.0009535342343619          0.0013399224250639          0.0003991984889455
          0.0009535342356980          0.0003991984889455          0.0013399224250456
     1    24
     -3.3624612989999996E+00      3.3624612989999996E+00      0.0000000000000000E+00
          0.0008537047856703         -0.0009535342145975          0.0009535342266765
         -0.0009535342145975          0.0013399223668389         -0.0003991985144955
          0.0009535342266765         -0.0003991985144955          0.0013399223640441
     1    25
      0.0000000000000000E+00      6.7249225979999991E+00      0.0000000000000000E+00
          0.0013399223843737         -0.0009535342329691          0.0003991985066545
         -0.0009535342329691          0.0008537048027875         -0.0009535342329691
          0.0003991985066545         -0.0009535342329691          0.0013399223843737
     1    26
     -3.3624612989999996E+00      0.0000000000000000E+00      3.3624612989999996E+00
          0.0008537047829581          0.0009535342272518         -0.0009535342148183
          0.0009535342272518          0.0013399223615549         -0.0003991985141539
         -0.0009535342148183         -0.0003991985141539          0.0013399223641739
     1    27
      3.3624612989999991E+00      6.7249225979999991E+00      3.3624612989999996E+00
          0.0013399224259702          0.0009535342334875          0.0003991984877626
          0.0009535342334875          0.0008537048480745          0.0009535342334875
          0.0003991984877626          0.0009535342334875          0.0013399224259703
     1    28
      0.0000000000000000E+00      0.0000000000000000E+00      6.7249225979999991E+00
          0.0013399223870353          0.0003991985082718         -0.0009535342352528
          0.0003991985082718          0.0013399223868411         -0.0009535342362342
         -0.0009535342352528         -0.0009535342362342          0.0008537048054345
     1    29
      3.3624612989999996E+00      3.3624612989999996E+00      6.7249225979999991E+00
          0.0013399224250456          0.0003991984889455          0.0009535342356980
          0.0003991984889455          0.0013399224250639          0.0009535342343619
          0.0009535342356980          0.0009535342343619          0.0008537048471894
     1    30
      1.6812306494999998E+00      1.6812306494999998E+00     -5.0436919484999994E+00
         -0.0004652417813439          0.0000000000000000          0.0000000000000000
          0.0000000000000000         -0.0004652417813439         -0.0000000000000000
          0.0000000000000000         -0.0000000000000000         -0.0008329662337690
     1    31
      1.6812306494999998E+00     -5.0436919484999994E+00      1.6812306494999998E+00
         -0.0004652417813440         -0.0000000000000000         -0.0000000000000000
         -0.0000000000000000         -0.0008329662337690         -0.0000000000000000
         -0.0000000000000000         -0.0000000000000000         -0.0004652417813439
     1    32
      8.4061532475000007E+00      1.6812306495000002E+00      1.6812306495000002E+00
         -0.0008329662337690         -0.0000000000000000          0.0000000000000000
         -0.0000000000000001         -0.0004652417813440          0.0000000000000000
          0.0000000000000000          0.0000000000000000         -0.0004652417813439
     1    33
     -5.0436919484999994E+00      1.6812306494999998E+00      1.6812306494999998E+00
         -0.0008329662337690         -0.0000000000000000          0.0000000000000000
         -0.0000000000000000         -0.0004652417813440          0.0000000000000000
          0.0000000000000000          0.0000000000000000         -0.0004652417813439
     1    34
      1.6812306495000002E+00      8.4061532475000007E+00      1.6812306495000002E+00
         -0.0004652417813439         -0.0000000000000001         -0.0000000000000000
         -0.0000000000000000         -0.0008329662337690         -0.0000000000000000
         -0.0000000000000000         -0.0000000000000000         -0.0004652417813439
     1    35
      1.6812306495000002E+00      1.6812306495000002E+00      8.4061532475000007E+00
         -0.0004652417813439          0.0000000000000000          0.0000000000000000
          0.0000000000000000         -0.0004652417813439         -0.0000000000000001
          0.0000000000000000         -0.0000000000000000         -0.0008329662337690
     1    36
      0.0000000000000000E+00     -3.3624612989999996E+00     -3.3624612989999996E+00
         -0.0033118772859445          0.0027900793217215          0.0027900793197133
          0.0027900793217215         -0.0007681593648581         -0.0010660218535692
          0.0027900793197133         -0.0010660218535692         -0.0007681593648797
     1    37
      6.7249225979999991E+00      3.3624612989999996E+00     -3.3624612989999996E+00
         -0.0007681593582798          0.0027900793410296          0.0010660218513709
          0.0027900793410296         -0.0033118772774330         -0.0027900793268279
          0.0010660218513709         -0.0027900793268279         -0.0007681593585695
     1    38
      6.7249225979999991E+00     -3.3624612989999991E+00      3.3624612990000000E+00
         -0.0007681593567620          0.0010660218546079          0.0027900793403829
          0.0010660218546079         -0.0007681593571538         -0.0027900793303915
          0.0027900793403829         -0.0027900793303915         -0.0033118772760521
     1    39
     -3.3624612989999996E+00      0.0000000000000000E+00     -3.3624612989999996E+00
         -0.0007681593673354          0.0027900793217994         -0.0010660218522412
          0.0027900793217994         -0.0033118772884033          0.0027900793217994
         -0.0010660218522412          0.0027900793217994         -0.0007681593673354
     1    40
      3.3624612989999996E+00      6.7249225979999991E+00     -3.3624612989999996E+00
         -0.0033118772772589          0.0027900793386560         -0.0027900793276652
          0.0027900793386560         -0.0007681593580114          0.0010660218486369
         -0.0027900793276652          0.0010660218486369         -0.0007681593583315
     1    41
     -3.3624612989999996E+00     -3.3624612989999996E+00      0.0000000000000000E+00
         -0.0007681593648797         -0.0010660218535692          0.0027900793197133
         -0.0010660218535692         -0.0007681593648581          0.0027900793217215
          0.0027900793197133          0.0027900793217215         -0.0033118772859445
     1    42
      6.7249225979999991E+00      6.7249225979999991E+00      0.0000000000000000E+00
         -0.0007681593200338         -0.0010660218554653         -0.0027900793458416
         -0.0010660218554653         -0.0007681593199836         -0.0027900793428340
         -0.0027900793458416         -0.0027900793428340         -0.0033118772405904
     1    43
      3.3624612989999996E+00     -3.3624612989999996E+00      6.7249225979999991E+00
         -0.0033118772760521         -0.0027900793303915          0.0027900793403829
         -0.0027900793303915         -0.0007681593571538          0.0010660218546079
          0.0027900793403829          0.0010660218546079         -0.0007681593567620
     1    44
      6.7249225979999991E+00      0.0000000000000000E+00      6.7249225979999991E+00
         -0.0007681593158224         -0.0027900793439460         -0.0010660218572963
         -0.0027900793439460         -0.0033118772365765         -0.0027900793439460
         -0.0010660218572963         -0.0027900793439460         -0.0007681593158224
     1    45
     -3.3624612989999991E+00      6.7249225979999991E+00      3.3624612990000000E+00
         -0.0007681593583315          0.0010660218486369         -0.0027900793276652
          0.0010660218486369         -0.0007681593580114          0.0027900793386560
         -0.0027900793276652          0.0027900793386560         -0.0033118772772589
     1    46
     -3.3624612989999996E+00      3.3624612989999996E+00      6.7249225979999991E+00
         -0.0007681593585695         -0.0027900793268279          0.0010660218513709
         -0.0027900793268279         -0.0033118772774330          0.0027900793410296
          0.0010660218513709          0.0027900793410296         -0.0007681593582798
     1    47
      0.0000000000000000E+00      6.7249225979999991E+00      6.7249225979999991E+00
         -0.0033118772405904         -0.0027900793428340         -0.0027900793458416
         -0.0027900793428340         -0.0007681593199836         -0.0010660218554653
         -0.0027900793458416         -0.0010660218554653         -0.0007681593200338
     1    48
      5.0436919484999994E+00     -1.6812306494999998E+00     -5.0436919484999994E+00
         -0.0004008745869471         -0.0002902202587160         -0.0001632803487741
         -0.0002902202587160         -0.0004008745869471          0.0001632803487741
          0.0002401872149688         -0.0002401872149688          0.0003022991226002
     1    49
      5.0436919484999994E+00     -5.0436919484999994E+00     -1.6812306494999998E+00
         -0.0004008745869471         -0.0001632803487741         -0.0002902202587160
          0.0002401872149688          0.0003022991226002         -0.0002401872149688
         -0.0002902202587160          0.0001632803487741         -0.0004008745869471
     1    50
      8.4061532475000007E+00     -1.6812306494999998E+00     -1.6812306494999998E+00
          0.0003022991226002          0.0002401872149688          0.0002401872149688
         -0.0001632803487740         -0.0004008745869471          0.0002902202587160
         -0.0001632803487741          0.0002902202587160         -0.0004008745869471
     1    51
     -1.6812306494999998E+00     -1.6812306494999998E+00     -5.0436919484999994E+00
         -0.0004008745869471          0.0002902202587160         -0.0002401872149687
          0.0002902202587160         -0.0004008745869471         -0.0002401872149687
          0.0001632803487740          0.0001632803487740          0.0003022991226002
     1    52
      5.0436919484999985E+00      5.0436919484999985E+00     -5.0436919484999994E+00
         -0.0004008745869471          0.0002902202587160          0.0002401872149687
          0.0002902202587160         -0.0004008745869471          0.0002401872149687
         -0.0001632803487740         -0.0001632803487740          0.0003022991226002
     1    53
     -1.6812306495000000E+00     -5.0436919484999994E+00     -1.6812306495000000E+00
         -0.0004008745869471         -0.0002401872149687          0.0002902202587160
          0.0001632803487740          0.0003022991226002          0.0001632803487740
          0.0002902202587160         -0.0002401872149687         -0.0004008745869471
     1    54
      8.4061532475000007E+00      5.0436919484999994E+00     -1.6812306495000002E+00
          0.0003022991226002          0.0001632803487740         -0.0001632803487740
         -0.0002401872149687         -0.0004008745869471         -0.0002902202587160
          0.0002401872149687         -0.0002902202587160         -0.0004008745869471
     1    55
      5.0436919484999985E+00     -5.0436919484999994E+00      5.0436919484999985E+00
         -0.0004008745869471          0.0002401872149687          0.0002902202587160
         -0.0001632803487740          0.0003022991226002         -0.0001632803487740
          0.0002902202587160          0.0002401872149687         -0.0004008745869471
     1    56
      8.4061532475000007E+00     -1.6812306495000002E+00      5.0436919484999994E+00
          0.0003022991226002         -0.0001632803487740          0.0001632803487740
          0.0002401872149687         -0.0004008745869471         -0.0002902202587160
         -0.0002401872149687         -0.0002902202587160         -0.0004008745869471
     1    57
     -1.6812306494999998E+00      5.0436919484999994E+00     -5.0436919484999994E+00
         -0.0004008745869471         -0.0002902202587160          0.0001632803487741
         -0.0002902202587160         -0.0004008745869471         -0.0001632803487741
         -0.0002401872149688          0.0002401872149688          0.0003022991226002
     1    58
     -5.0436919484999994E+00     -1.6812306495000000E+00     -1.6812306495000000E+00
          0.0003022991226002          0.0001632803487740          0.0001632803487740
         -0.0002401872149687         -0.0004008745869471          0.0002902202587160
         -0.0002401872149687          0.0002902202587160         -0.0004008745869471
     1    59
      5.0436919484999994E+00      8.4061532475000007E+00     -1.6812306495000002E+00
         -0.0004008745869471         -0.0002401872149687         -0.0002902202587160
          0.0001632803487740          0.0003022991226002         -0.0001632803487740
         -0.0002902202587160          0.0002401872149687         -0.0004008745869471
     1    60
     -1.6812306494999998E+00     -5.0436919484999994E+00      5.0436919484999994E+00
         -0.0004008745869471          0.0001632803487741         -0.0002902202587160
         -0.0002401872149688          0.0003022991226002          0.0002401872149688
         -0.0002902202587160         -0.0001632803487741         -0.0004008745869471
     1    61
      8.4061532475000007E+00      5.0436919484999994E+00      5.0436919484999994E+00
          0.0003022991226002         -0.0002401872149688         -0.0002401872149688
          0.0001632803487741         -0.0004008745869471          0.0002902202587160
          0.0001632803487740          0.0002902202587160         -0.0004008745869471
     1    62
      5.0436919484999994E+00     -1.6812306495000002E+00      8.4061532475000007E+00
         -0.0004008745869471         -0.0002902202587160         -0.0002401872149687
         -0.0002902202587160         -0.0004008745869471          0.0002401872149687
          0.0001632803487740         -0.0001632803487740          0.0003022991226002
     1    63
     -5.0436919484999994E+00      5.0436919484999994E+00     -1.6812306494999998E+00
          0.0003022991226002          0.0002401872149688         -0.0002401872149688
         -0.0001632803487741         -0.0004008745869471         -0.0002902202587160
          0.0001632803487741         -0.0002902202587160         -0.0004008745869471
     1    64
     -1.6812306494999998E+00      8.4061532475000007E+00     -1.6812306494999998E+00
         -0.0004008745869471         -0.0001632803487741          0.0002902202587160
          0.0002401872149688          0.0003022991226002          0.0002401872149688
          0.0002902202587160         -0.0001632803487741         -0.0004008745869471
     1    65
     -5.0436919484999994E+00     -1.6812306494999998E+00      5.0436919484999994E+00
          0.0003022991226002         -0.0002401872149688          0.0002401872149688
          0.0001632803487741         -0.0004008745869471         -0.0002902202587160
         -0.0001632803487741         -0.0002902202587160         -0.0004008745869471
     1    66
      5.0436919484999994E+00      8.4061532475000007E+00      5.0436919484999994E+00
         -0.0004008745869471          0.0001632803487741          0.0002902202587160
         -0.0002401872149688          0.0003022991226002         -0.0002401872149688
          0.0002902202587160          0.0001632803487741         -0.0004008745869471
     1    67
     -1.6812306494999998E+00     -1.6812306494999998E+00      8.4061532475000007E+00
         -0.0004008745869471          0.0002902202587160         -0.0001632803487741
          0.0002902202587160         -0.0004008745869471         -0.0001632803487741
          0.0002401872149688          0.0002401872149688          0.0003022991226002
     1    68
      5.0436919484999994E+00      5.0436919484999994E+00      8.4061532475000007E+00
         -0.0004008745869471          0.0002902202587160          0.0001632803487741
          0.0002902202587160         -0.0004008745869471          0.0001632803487741
         -0.0002401872149688         -0.0002401872149688          0.0003022991226002
     1    69
     -5.0436919484999994E+00      5.0436919484999985E+00      5.0436919484999985E+00
          0.0003022991226002         -0.0001632803487740         -0.0001632803487740
          0.0002401872149687         -0.0004008745869471          0.0002902202587160
          0.0002401872149687          0.0002902202587160         -0.0004008745869471
     1    70
     -1.6812306495000002E+00      8.4061532475000007E+00      5.0436919484999994E+00
         -0.0004008745869471          0.0002401872149687         -0.0002902202587160
         -0.0001632803487740          0.0003022991226002          0.0001632803487740
         -0.0002902202587160         -0.0002401872149687         -0.0004008745869471
     1    71
     -1.6812306495000002E+00      5.0436919484999994E+00      8.4061532475000007E+00
         -0.0004008745869471         -0.0002902202587160          0.0002401872149687
         -0.0002902202587160         -0.0004008745869471         -0.0002401872149687
         -0.0001632803487740          0.0001632803487740          0.0003022991226002
     1    72
      6.7249225979999991E+00     -3.3624612989999996E+00     -3.3624612990000000E+00
          0.0001217170615646          0.0000573707159160          0.0000573707131505
          0.0000573707159160          0.0001217170619246         -0.0000573707013470
          0.0000573707131505         -0.0000573707013470          0.0001217170619811
     1    73
      0.0000000000000000E+00      0.0000000000000000E+00     -6.7249225979999991E+00
          0.0001699784084706          0.0000023957215737         -0.0000800084618977
          0.0000023957215737          0.0001699784083918         -0.0000800084643257
         -0.0000800084618977         -0.0000800084643257          0.0000370312274734
     1    74
      3.3624612989999996E+00      3.3624612989999996E+00     -6.7249225979999991E+00
          0.0001699784088745          0.0000023957150100          0.0000800084602536
          0.0000023957150100          0.0001699784088228          0.0000800084591439
          0.0000800084602536          0.0000800084591439          0.0000370312283043
     1    75
      0.0000000000000000E+00     -6.7249225979999991E+00      0.0000000000000000E+00
          0.0001699784043919         -0.0000800084645556          0.0000023957237945
         -0.0000800084645556          0.0000370312235150         -0.0000800084645556
          0.0000023957237945         -0.0000800084645556          0.0001699784043919
     1    76
      1.0087383896999999E+01      3.3624612990000000E+00      0.0000000000000000E+00
          0.0000370312159111         -0.0000800084748772          0.0000800084778257
         -0.0000800084748772          0.0001699783965090         -0.0000023957165048
          0.0000800084778257         -0.0000023957165048          0.0001699783967458
     1    77
      3.3624612989999996E+00     -6.7249225979999991E+00      3.3624612990000000E+00
          0.0001699784102993          0.0000800084624799          0.0000023957168569
          0.0000800084624799          0.0000370312296493          0.0000800084624799
          0.0000023957168569          0.0000800084624799          0.0001699784102993
     1    78
      1.0087383896999999E+01      0.0000000000000000E+00      3.3624612990000000E+00
          0.0000370312108824          0.0000800084773998         -0.0000800084757696
          0.0000800084773998          0.0001699783919323         -0.0000023957168200
         -0.0000800084757696         -0.0000023957168200          0.0001699783915650
     1    79
     -3.3624612989999996E+00      6.7249225979999991E+00     -3.3624612990000000E+00
          0.0001217170585378          0.0000573707105990         -0.0000573706993073
          0.0000573707105990          0.0001217170581146          0.0000573707105990
         -0.0000573706993073          0.0000573707105990          0.0001217170585378
     1    80
     -6.7249225979999991E+00      0.0000000000000000E+00      0.0000000000000000E+00
          0.0000370312274734         -0.0000800084643257         -0.0000800084618977
         -0.0000800084643257          0.0001699784083918          0.0000023957215737
         -0.0000800084618977          0.0000023957215737          0.0001699784084706
     1    81
      3.3624612990000000E+00      1.0087383896999999E+01      0.0000000000000000E+00
          0.0001699783953492         -0.0000800084731559         -0.0000023957146285
         -0.0000800084731559          0.0000370312147035          0.0000800084755553
         -0.0000023957146285          0.0000800084755553          0.0001699783956155
     1    82
     -3.3624612989999996E+00     -3.3624612989999996E+00      6.7249225979999991E+00
          0.0001217170619811         -0.0000573707013470          0.0000573707131505
         -0.0000573707013470          0.0001217170619247          0.0000573707159160
          0.0000573707131505          0.0000573707159160          0.0001217170615646
     1    83
      6.7249225979999991E+00      6.7249225979999991E+00      6.7249225979999991E+00
          0.0001217170622199         -0.0000573707149461         -0.0000573707171999
         -0.0000573707149461          0.0001217170623394         -0.0000573707149462
         -0.0000573707171999         -0.0000573707149461          0.0001217170622199
     1    84
      3.3624612990000000E+00      0.0000000000000000E+00      1.0087383896999999E+01
          0.0001699783915650         -0.0000023957168200         -0.0000800084757696
         -0.0000023957168200          0.0001699783919323          0.0000800084773998
         -0.0000800084757696          0.0000800084773998          0.0000370312108824
     1    85
     -6.7249225979999991E+00      3.3624612989999996E+00      3.3624612990000000E+00
          0.0000370312283043          0.0000800084591439          0.0000800084602536
          0.0000800084591439          0.0001699784088228          0.0000023957150100
          0.0000800084602536          0.0000023957150100          0.0001699784088745
     1    86
      0.0000000000000000E+00      1.0087383896999999E+01      3.3624612990000000E+00
          0.0001699783956155          0.0000800084755553         -0.0000023957146285
          0.0000800084755553          0.0000370312147035         -0.0000800084731559
         -0.0000023957146285         -0.0000800084731559          0.0001699783953492
     1    87
      0.0000000000000000E+00      3.3624612990000000E+00      1.0087383896999999E+01
          0.0001699783967458         -0.0000023957165048          0.0000800084778257
         -0.0000023957165048          0.0001699783965090         -0.0000800084748772
          0.0000800084778257         -0.0000800084748772          0.0000370312159111
     1    88
      1.6812306495000000E+00     -5.0436919484999994E+00     -5.0436919484999994E+00
          0.0014452727657729          0.0007119766981684          0.0007119766981683
         -0.0007119766981683         -0.0003326907411846         -0.0005160319841719
         -0.0007119766981684         -0.0005160319841718         -0.0003326907411846
     1    89
      8.4061532475000007E+00      1.6812306494999998E+00     -5.0436919484999994E+00
         -0.0003326907411845         -0.0007119766981683          0.0005160319841719
          0.0007119766981684          0.0014452727657730         -0.0007119766981683
          0.0005160319841719          0.0007119766981684         -0.0003326907411845
     1    90
      8.4061532475000007E+00     -5.0436919484999994E+00      1.6812306494999998E+00
         -0.0003326907411845          0.0005160319841719         -0.0007119766981684
          0.0005160319841719         -0.0003326907411845          0.0007119766981684
          0.0007119766981683         -0.0007119766981683          0.0014452727657730
     1    91
     -5.0436919484999994E+00      1.6812306495000000E+00     -5.0436919484999994E+00
         -0.0003326907411847         -0.0007119766981683         -0.0005160319841719
          0.0007119766981684          0.0014452727657728          0.0007119766981684
         -0.0005160319841719         -0.0007119766981683         -0.0003326907411847
     1    92
      1.6812306494999998E+00      8.4061532475000007E+00     -5.0436919484999994E+00
          0.0014452727657730          0.0007119766981684         -0.0007119766981684
         -0.0007119766981683         -0.0003326907411845          0.0005160319841719
          0.0007119766981683          0.0005160319841719         -0.0003326907411845
     1    93
     -5.0436919484999994E+00     -5.0436919484999994E+00      1.6812306494999998E+00
         -0.0003326907411846         -0.0005160319841718         -0.0007119766981684
         -0.0005160319841718         -0.0003326907411846         -0.0007119766981683
          0.0007119766981683          0.0007119766981684          0.0014452727657727
     1    94
      8.4061532475000007E+00      8.4061532475000007E+00      1.6812306494999998E+00
         -0.0003326907411846         -0.0005160319841718          0.0007119766981683
         -0.0005160319841718         -0.0003326907411846          0.0007119766981684
         -0.0007119766981684         -0.0007119766981683          0.0014452727657727
     1    95
      1.6812306494999998E+00     -5.0436919484999994E+00      8.4061532475000007E+00
          0.0014452727657730         -0.0007119766981683          0.0007119766981683
          0.0007119766981684         -0.0003326907411845          0.0005160319841719
         -0.0007119766981684          0.0005160319841719         -0.0003326907411845
     1    96
      8.4061532475000007E+00      1.6812306495000000E+00      8.4061532475000007E+00
         -0.0003326907411847          0.0007119766981684         -0.0005160319841719
         -0.0007119766981683          0.0014452727657729         -0.0007119766981683
         -0.0005160319841719          0.0007119766981684         -0.0003326907411847
     1    97
     -5.0436919484999994E+00      8.4061532475000007E+00      1.6812306494999998E+00
         -0.0003326907411845          0.0005160319841719          0.0007119766981683
          0.0005160319841719         -0.0003326907411845         -0.0007119766981683
         -0.0007119766981684          0.0007119766981684          0.0014452727657730
     1    98
     -5.0436919484999994E+00      1.6812306494999998E+00      8.4061532475000007E+00
         -0.0003326907411845          0.0007119766981684          0.0005160319841719
         -0.0007119766981683          0.0014452727657730          0.0007119766981684
          0.0005160319841719         -0.0007119766981683         -0.0003326907411845
     1    99
      1.6812306495000000E+00      8.4061532475000007E+00      8.4061532475000007E+00
          0.0014452727657729         -0.0007119766981683         -0.0007119766981684
          0.0007119766981684         -0.0003326907411846         -0.0005160319841718
          0.0007119766981683         -0.0005160319841718         -0.0003326907411846
     1   100
      3.3624612989999996E+00     -3.3624612989999996E+00     -6.7249225979999991E+00
          0.0002221523473707          0.0000119192059644         -0.0002368809481800
          0.0000119192059644         -0.0001260660797286          0.0000207241285173
         -0.0002368809481800          0.0000207241285173          0.0001381764086353
     1   101
      6.7249225979999991E+00      0.0000000000000000E+00     -6.7249225979999991E+00
         -0.0001260660938452          0.0000119192024308         -0.0000207241286501
          0.0000119192024308          0.0002221523329387          0.0002368809404941
         -0.0000207241286501          0.0002368809404941          0.0001381763956714
     1   102
      3.3624612989999991E+00     -6.7249225979999991E+00     -3.3624612990000000E+00
          0.0002221523511195         -0.0002368809466435          0.0000119192078486
         -0.0002368809466435          0.0001381764121761          0.0000207241293410
          0.0000119192078486          0.0000207241293410         -0.0001260660760703
     1   103
      1.0087383896999999E+01      0.0000000000000000E+00     -3.3624612990000000E+00
          0.0001381764107438         -0.0002368809338028         -0.0000207241370799
         -0.0002368809338028          0.0002221523497076         -0.0000119192131425
         -0.0000207241370799         -0.0000119192131425         -0.0001260660791599
     1   104
      6.7249225979999991E+00     -6.7249225979999991E+00      0.0000000000000000E+00
         -0.0001260660977249         -0.0000207241309701          0.0000119192044596
         -0.0000207241309701          0.0001381763918631          0.0002368809373674
          0.0000119192044596          0.0002368809373674          0.0002221523291326
     1   105
      1.0087383896999999E+01     -3.3624612990000000E+00      0.0000000000000000E+00
          0.0001381764119089         -0.0000207241402545         -0.0002368809352231
         -0.0000207241402545         -0.0001260660778419         -0.0000119192104029
         -0.0002368809352231         -0.0000119192104029          0.0002221523507903
     1   106
     -3.3624612989999996E+00      3.3624612989999996E+00     -6.7249225979999991E+00
         -0.0001260660782984          0.0000119192054813          0.0000207241269938
          0.0000119192054813          0.0002221523488961         -0.0002368809467410
          0.0000207241269938         -0.0002368809467410          0.0001381764100302
     1   107
      0.0000000000000000E+00      6.7249225979999991E+00     -6.7249225979999991E+00
          0.0002221523325098          0.0000119192057036          0.0002368809397096
          0.0000119192057036         -0.0001260660944528         -0.0000207241257474
          0.0002368809397096         -0.0000207241257474          0.0001381763950670
     1   108
     -3.3624612989999996E+00     -6.7249225979999991E+00      3.3624612989999996E+00
         -0.0001260660760703          0.0000207241293410          0.0000119192078486
          0.0000207241293410          0.0001381764121761         -0.0002368809466435
          0.0000119192078486         -0.0002368809466435          0.0002221523511195
     1   109
      1.0087383896999997E+01      6.7249225979999983E+00      3.3624612989999991E+00
          0.0001381763906589          0.0000207241354739          0.0002368809312680
          0.0000207241354739         -0.0001260660976897         -0.0000119192004960
          0.0002368809312680         -0.0000119192004960          0.0002221523306944
     1   110
      0.0000000000000000E+00     -6.7249225979999991E+00      6.7249225979999991E+00
          0.0002221523291326          0.0002368809373674          0.0000119192044596
          0.0002368809373674          0.0001381763918631         -0.0000207241309701
          0.0000119192044596         -0.0000207241309701         -0.0001260660977249
     1   111
      1.0087383896999999E+01      3.3624612990000000E+00      6.7249225979999983E+00
          0.0001381763898247          0.0002368809333429          0.0000207241372693
          0.0002368809333429          0.0002221523298230         -0.0000119192015124
          0.0000207241372693         -0.0000119192015124         -0.0001260660984096
     1   112
     -6.7249225979999991E+00      3.3624612989999991E+00     -3.3624612990000000E+00
          0.0001381764100302         -0.0002368809467410          0.0000207241269938
         -0.0002368809467410          0.0002221523488961          0.0000119192054813
          0.0000207241269938          0.0000119192054813         -0.0001260660782984
     1   113
      0.0000000000000000E+00      1.0087383896999999E+01     -3.3624612990000000E+00
          0.0002221523520216         -0.0002368809381948         -0.0000119192113800
         -0.0002368809381948          0.0001381764131408         -0.0000207241343918
         -0.0000119192113800         -0.0000207241343918         -0.0001260660768072
     1   114
     -6.7249225979999991E+00     -3.3624612989999996E+00      3.3624612989999996E+00
