
.Version 9.8.4 of ANADDB 
.(MPI version, prepared for a x86_64_linux_gnu12.3 computer) 

.Copyright (C) 1998-2022 ABINIT group . 
 ANADDB comes with ABSOLUTELY NO WARRANTY.
 It is free software, and you are welcome to redistribute it
 under certain conditions (GNU General Public License,
 see ~abinit/COPYING or http://www.gnu.org/copyleft/gpl.txt).

 ABINIT is a project of the Universite Catholique de Louvain,
 Corning Inc. and other collaborators, see ~abinit/doc/developers/contributors.txt .
 Please read https://docs.abinit.org/theory/acknowledgments for suggested
 acknowledgments of the ABINIT effort.
 For more information, see https://www.abinit.org .

.Starting date : Mon  5 Jan 2026.
- ( at 20h45 )
  
- The starting date is more than 2 years after the initial release
- of this version of ABINIT, namely Apr 2023.
- Note that the use beyond 3 years after the release will not be supported.
- Action: please, switch to a more recent version of ABINIT.


================================================================================

 -outvars_anaddb: echo values of input variables ----------------------

 Flags :
     ifcflag         1
 Interatomic Force Constants Inputs :
      dipdip         0
      dipqua         1
      quadqu         1
      ifcana         1
      ifcout  10000000
      natifc         2
       atifc         1         2
 Description of grid 1 :
        brav         1
       ngqpt         9         9         9
      nqshft         1
      q1shft
                     0.00000000E+00  0.00000000E+00  0.00000000E+00

================================================================================

 read the DDB information and perform some checks

 Real(R)+Recip(G) space primitive vectors, cartesian coordinates (Bohr,Bohr^-1):
 R(1)=  0.0000000  3.3624613  3.3624613  G(1)= -0.1487006  0.1487006  0.1487006
 R(2)=  3.3624613  0.0000000  3.3624613  G(2)=  0.1487006 -0.1487006  0.1487006
 R(3)=  3.3624613  3.3624613  0.0000000  G(3)=  0.1487006  0.1487006 -0.1487006
 Unit cell volume ucvol=  7.6032957E+01 bohr^3
 Angles (23,13,12)=  6.00000000E+01  6.00000000E+01  6.00000000E+01 degrees
 Now the whole DDB is in central memory

================================================================================

 Dielectric Tensor and Effective Charges 


 anaddb : Zero the imaginary part of the Dynamical Matrix at Gamma,
   and impose the ASR on the effective charges 

 Effective charge tensors after 
 imposition of the charge neutrality,
 and eventual restriction to some part :
   atom    displacement
         1         1   -3.464046E-03    0.000000E+00   -4.135047E-20
         1         2    0.000000E+00   -3.464046E-03   -4.135047E-20
         1         3    0.000000E+00    0.000000E+00   -3.464046E-03
         2         1   -3.464046E-03    0.000000E+00   -4.135047E-20
         2         2    0.000000E+00   -3.464046E-03   -4.135047E-20
         2         3    0.000000E+00    0.000000E+00   -3.464046E-03
 Now, the imaginary part of the dynamical matrix is zeroed

================================================================================

 Calculation of the interatomic forces 

-begin at tcpu      0.038  and twall      0.042 sec
       Homogeneous q point set in the B.Z.
 Grid q points  :      729
 greater than 80, so only write 20 of them
  1)   0.00000000E+00  0.00000000E+00  0.00000000E+00
  2)   1.11111111E-01  0.00000000E+00  0.00000000E+00
  3)   2.22222222E-01  0.00000000E+00  0.00000000E+00
  4)   3.33333333E-01  0.00000000E+00  0.00000000E+00
  5)   4.44444444E-01  0.00000000E+00  0.00000000E+00
  6)  -4.44444444E-01  0.00000000E+00  0.00000000E+00
  7)  -3.33333333E-01  0.00000000E+00  0.00000000E+00
  8)  -2.22222222E-01  0.00000000E+00  0.00000000E+00
  9)  -1.11111111E-01  0.00000000E+00  0.00000000E+00
 10)   0.00000000E+00  1.11111111E-01  0.00000000E+00
 11)   1.11111111E-01  1.11111111E-01  0.00000000E+00
 12)   2.22222222E-01  1.11111111E-01  0.00000000E+00
 13)   3.33333333E-01  1.11111111E-01  0.00000000E+00
 14)   4.44444444E-01  1.11111111E-01  0.00000000E+00
 15)  -4.44444444E-01  1.11111111E-01  0.00000000E+00
 16)  -3.33333333E-01  1.11111111E-01  0.00000000E+00
 17)  -2.22222222E-01  1.11111111E-01  0.00000000E+00
 18)  -1.11111111E-01  1.11111111E-01  0.00000000E+00
 19)   0.00000000E+00  2.22222222E-01  0.00000000E+00
 20)   1.11111111E-01  2.22222222E-01  0.00000000E+00

 The interatomic forces have been obtained

 Analysis of interatomic force constants 

 column 1 is related to the displacement
        of the generic atom along x,    
 column 2 is related to the displacement
        of the generic atom along y,    
 column 3 is related to the displacement
        of the generic atom along z,    

  NOTE: Open file ifcinfo.out, for the output of interatomic force constants. This is because prt_ifc==1. 

  NOTE: Open file outfile.forceconstants_ABINIT, for the output of interatomic force constants in TDEP format. This is because prt_ifc==1. 

 generic atom number   1
 with cartesian coordinates  1.68123065E+00  1.68123065E+00  1.68123065E+00

 Third atom defining local coordinates : 
     ib =    2   irpt =  499

   1 interaction with atom     1 cell     498
 with coordinates     1.681231E+00    1.681231E+00    1.681231E+00
 and distance     0.000000E+00
   0.46407  0.00000  0.00000
   0.00000  0.46407  0.00000
   0.00000  0.00000  0.46407
  Trace           1.39220
 Transformation to local coordinates 
 First  local vector :        0.707107        0.707107        0.000000
 Second local vector :        0.000000        0.000000       -1.000000
 Third  local vector :       -0.707107        0.707107        0.000000
   0.46407  0.00000  0.00000
   0.00000  0.46407  0.00000
   0.00000  0.00000  0.46407

   2 interaction with atom     2 cell     498
 with coordinates     0.000000E+00    0.000000E+00    0.000000E+00
 and distance     2.911977E+00
  -0.09602 -0.02463 -0.02463
  -0.02463 -0.09602 -0.02463
  -0.02463 -0.02463 -0.09602
  Trace          -0.28805
 Transformation to local coordinates 
 First  local vector :       -0.577350       -0.577350       -0.577350
 Second local vector :        0.816497       -0.408248       -0.408248
 Third  local vector :        0.000000       -0.707107        0.707107
  -0.14527  0.00000  0.00000
   0.00000 -0.07139  0.00000
   0.00000  0.00000 -0.07139

   3 interaction with atom     2 cell     499
 with coordinates     3.362461E+00    3.362461E+00    0.000000E+00
 and distance     2.911977E+00
  -0.09602 -0.02463  0.02463
  -0.02463 -0.09602  0.02463
   0.02463  0.02463 -0.09602
  Trace          -0.28805
 Transformation to local coordinates 
 First  local vector :        0.577350        0.577350       -0.577350
 Second local vector :        0.816497       -0.408248        0.408248
 Third  local vector :        0.000000       -0.707107       -0.707107
  -0.14527  0.00000  0.00000
   0.00000 -0.07139  0.00000
   0.00000  0.00000 -0.07139

   4 interaction with atom     2 cell     509
 with coordinates     3.362461E+00    0.000000E+00    3.362461E+00
 and distance     2.911977E+00
  -0.09602  0.02463 -0.02463
   0.02463 -0.09602  0.02463
  -0.02463  0.02463 -0.09602
  Trace          -0.28805
 Transformation to local coordinates 
 First  local vector :        0.577350       -0.577350        0.577350
 Second local vector :        0.816497        0.408248       -0.408248
 Third  local vector :        0.000000        0.707107        0.707107
  -0.14527  0.00000  0.00000
   0.00000 -0.07139  0.00000
   0.00000  0.00000 -0.07139

   5 interaction with atom     2 cell     605
 with coordinates     0.000000E+00    3.362461E+00    3.362461E+00
 and distance     2.911977E+00
  -0.09602  0.02463  0.02463
   0.02463 -0.09602 -0.02463
   0.02463 -0.02463 -0.09602
  Trace          -0.28805
 Transformation to local coordinates 
 First  local vector :       -0.577350        0.577350        0.577350
 Second local vector :        0.816497        0.408248        0.408248
 Third  local vector :        0.000000        0.707107       -0.707107
  -0.14527  0.00000  0.00000
   0.00000 -0.07139  0.00000
   0.00000  0.00000 -0.07139

   6 interaction with atom     1 cell     391
 with coordinates     1.681231E+00   -1.681231E+00   -1.681231E+00
 and distance     4.755238E+00
   0.01405 -0.00772 -0.00772
   0.00772 -0.01586 -0.01646
   0.00772 -0.01646 -0.01586
  Trace          -0.01766
 Transformation to local coordinates 
 First  local vector :        0.000000       -0.707107       -0.707107
 Second local vector :       -1.000000        0.000000       -0.000000
 Third  local vector :        0.000000        0.707107       -0.707107
  -0.03232  0.01091  0.00000
  -0.01091  0.01405  0.00000
   0.00000  0.00000  0.00061

   7 interaction with atom     1 cell     392
 with coordinates     5.043692E+00    1.681231E+00   -1.681231E+00
 and distance     4.755238E+00
  -0.01586  0.00772  0.01646
  -0.00772  0.01405  0.00772
   0.01646 -0.00772 -0.01586
  Trace          -0.01766
 Transformation to local coordinates 
 First  local vector :        0.707107        0.000000       -0.707107
 Second local vector :        0.000000        1.000000        0.000000
 Third  local vector :        0.707107       -0.000000        0.707107
  -0.03232  0.01091  0.00000
  -0.01091  0.01405  0.00000
   0.00000  0.00000  0.00061

   8 interaction with atom     1 cell     402
 with coordinates     5.043692E+00   -1.681231E+00    1.681231E+00
 and distance     4.755238E+00
  -0.01586  0.01646  0.00772
   0.01646 -0.01586 -0.00772
  -0.00772  0.00772  0.01405
  Trace          -0.01766
 Transformation to local coordinates 
 First  local vector :        0.707107       -0.707107        0.000000
 Second local vector :        0.000000        0.000000        1.000000
 Third  local vector :       -0.707107       -0.707107        0.000000
  -0.03232  0.01091  0.00000
  -0.01091  0.01405  0.00000
   0.00000  0.00000  0.00061

   9 interaction with atom     1 cell     487
 with coordinates    -1.681231E+00    1.681231E+00   -1.681231E+00
 and distance     4.755238E+00
  -0.01586  0.00772 -0.01646
  -0.00772  0.01405 -0.00772
  -0.01646  0.00772 -0.01586
  Trace          -0.01766
 Transformation to local coordinates 
 First  local vector :       -0.707107        0.000000       -0.707107
 Second local vector :       -0.000000       -1.000000       -0.000000
 Third  local vector :       -0.707107        0.000000        0.707107
  -0.03232  0.01091  0.00000
  -0.01091  0.01405  0.00000
   0.00000  0.00000  0.00061

  10 interaction with atom     1 cell     488
 with coordinates     1.681231E+00    5.043692E+00   -1.681231E+00
 and distance     4.755238E+00
   0.01405 -0.00772  0.00772
   0.00772 -0.01586  0.01646
  -0.00772  0.01646 -0.01586
  Trace          -0.01766
 Transformation to local coordinates 
 First  local vector :        0.000000        0.707107       -0.707107
 Second local vector :        1.000000        0.000000        0.000000
 Third  local vector :        0.000000       -0.707107       -0.707107
  -0.03232  0.01091  0.00000
  -0.01091  0.01405  0.00000
   0.00000  0.00000  0.00061

  11 interaction with atom     1 cell     497
 with coordinates    -1.681231E+00   -1.681231E+00    1.681231E+00
 and distance     4.755238E+00
  -0.01586 -0.01646  0.00772
  -0.01646 -0.01586  0.00772
  -0.00772 -0.00772  0.01405
  Trace          -0.01766
 Transformation to local coordinates 
 First  local vector :       -0.707107       -0.707107        0.000000
 Second local vector :       -0.000000        0.000000       -1.000000
 Third  local vector :        0.707107       -0.707107       -0.000000
  -0.03232  0.01091  0.00000
  -0.01091  0.01405  0.00000
   0.00000  0.00000  0.00061

  12 interaction with atom     1 cell     499
 with coordinates     5.043692E+00    5.043692E+00    1.681231E+00
 and distance     4.755238E+00
  -0.01586 -0.01646 -0.00772
  -0.01646 -0.01586 -0.00772
   0.00772  0.00772  0.01405
  Trace          -0.01766
 Transformation to local coordinates 
 First  local vector :        0.707107        0.707107        0.000000
 Second local vector :        0.000000       -0.000000       -1.000000
 Third  local vector :       -0.707107        0.707107       -0.000000
  -0.03232  0.01091  0.00000
  -0.01091  0.01405  0.00000
   0.00000  0.00000  0.00061

  13 interaction with atom     1 cell     508
 with coordinates     1.681231E+00   -1.681231E+00    5.043692E+00
 and distance     4.755238E+00
   0.01405  0.00772 -0.00772
  -0.00772 -0.01586  0.01646
   0.00772  0.01646 -0.01586
  Trace          -0.01766
 Transformation to local coordinates 
 First  local vector :        0.000000       -0.707107        0.707107
 Second local vector :        1.000000       -0.000000       -0.000000
 Third  local vector :        0.000000        0.707107        0.707107
  -0.03232  0.01091  0.00000
  -0.01091  0.01405  0.00000
   0.00000  0.00000  0.00061

  14 interaction with atom     1 cell     509
 with coordinates     5.043692E+00    1.681231E+00    5.043692E+00
 and distance     4.755238E+00
  -0.01586 -0.00772 -0.01646
   0.00772  0.01405  0.00772
  -0.01646 -0.00772 -0.01586
  Trace          -0.01766
 Transformation to local coordinates 
 First  local vector :        0.707107        0.000000        0.707107
 Second local vector :        0.000000       -1.000000        0.000000
 Third  local vector :        0.707107        0.000000       -0.707107
  -0.03232  0.01091  0.00000
  -0.01091  0.01405  0.00000
   0.00000  0.00000  0.00061

  15 interaction with atom     1 cell     594
 with coordinates    -1.681231E+00    5.043692E+00    1.681231E+00
 and distance     4.755238E+00
  -0.01586  0.01646 -0.00772
   0.01646 -0.01586  0.00772
   0.00772 -0.00772  0.01405
  Trace          -0.01766
 Transformation to local coordinates 
 First  local vector :       -0.707107        0.707107        0.000000
 Second local vector :        0.000000        0.000000        1.000000
 Third  local vector :        0.707107        0.707107       -0.000000
  -0.03232  0.01091  0.00000
  -0.01091  0.01405  0.00000
   0.00000  0.00000  0.00061

  16 interaction with atom     1 cell     604
 with coordinates    -1.681231E+00    1.681231E+00    5.043692E+00
 and distance     4.755238E+00
  -0.01586 -0.00772  0.01646
   0.00772  0.01405 -0.00772
   0.01646  0.00772 -0.01586
  Trace          -0.01766
 Transformation to local coordinates 
 First  local vector :       -0.707107        0.000000        0.707107
 Second local vector :       -0.000000        1.000000       -0.000000
 Third  local vector :       -0.707107       -0.000000       -0.707107
  -0.03232  0.01091  0.00000
  -0.01091  0.01405  0.00000
   0.00000  0.00000  0.00061

  17 interaction with atom     1 cell     605
 with coordinates     1.681231E+00    5.043692E+00    5.043692E+00
 and distance     4.755238E+00
   0.01405  0.00772  0.00772
  -0.00772 -0.01586 -0.01646
  -0.00772 -0.01646 -0.01586
  Trace          -0.01766
 Transformation to local coordinates 
 First  local vector :        0.000000        0.707107        0.707107
 Second local vector :       -1.000000        0.000000       -0.000000
 Third  local vector :       -0.000000       -0.707107        0.707107
  -0.03232  0.01091  0.00000
  -0.01091  0.01405  0.00000
   0.00000  0.00000  0.00061

  18 interaction with atom     2 cell     392
 with coordinates     3.362461E+00    0.000000E+00   -3.362461E+00
 and distance     5.576011E+00
   0.00134 -0.00040 -0.00095
  -0.00040  0.00134  0.00095
  -0.00095  0.00095  0.00085
  Trace           0.00353
 Transformation to local coordinates 
 First  local vector :        0.301511       -0.301511       -0.904534
 Second local vector :        0.639602       -0.639602        0.426401
 Third  local vector :       -0.707107       -0.707107       -0.000000
   0.00205  0.00120  0.00000
   0.00120  0.00054  0.00000
   0.00000  0.00000  0.00094

  19 interaction with atom     2 cell     402
 with coordinates     3.362461E+00   -3.362461E+00    0.000000E+00
 and distance     5.576011E+00
   0.00134 -0.00095 -0.00040
  -0.00095  0.00085  0.00095
  -0.00040  0.00095  0.00134
  Trace           0.00353
 Transformation to local coordinates 
 First  local vector :        0.301511       -0.904534       -0.301511
 Second local vector :        0.639602        0.426401       -0.639602
 Third  local vector :        0.707107        0.000000        0.707107
   0.00205  0.00120  0.00000
   0.00120  0.00054  0.00000
   0.00000  0.00000  0.00094

  20 interaction with atom     2 cell     403
 with coordinates     6.724923E+00    0.000000E+00    0.000000E+00
 and distance     5.576011E+00
   0.00085 -0.00095 -0.00095
  -0.00095  0.00134  0.00040
  -0.00095  0.00040  0.00134
  Trace           0.00353
 Transformation to local coordinates 
 First  local vector :        0.904534       -0.301511       -0.301511
 Second local vector :       -0.426401       -0.639602       -0.639602
 Third  local vector :       -0.000000        0.707107       -0.707107
   0.00205  0.00120  0.00000
   0.00120  0.00054  0.00000
   0.00000  0.00000  0.00094

  21 interaction with atom     2 cell     488
 with coordinates     0.000000E+00    3.362461E+00   -3.362461E+00
 and distance     5.576011E+00
   0.00134 -0.00040  0.00095
  -0.00040  0.00134 -0.00095
   0.00095 -0.00095  0.00085
  Trace           0.00353
 Transformation to local coordinates 
 First  local vector :       -0.301511        0.301511       -0.904534
 Second local vector :       -0.639602        0.639602        0.426401
 Third  local vector :        0.707107        0.707107        0.000000
   0.00205  0.00120  0.00000
   0.00120  0.00054  0.00000
   0.00000  0.00000  0.00094

  22 interaction with atom     2 cell     508
 with coordinates     0.000000E+00   -3.362461E+00    3.362461E+00
 and distance     5.576011E+00
   0.00134  0.00095 -0.00040
   0.00095  0.00085 -0.00095
  -0.00040 -0.00095  0.00134
  Trace           0.00353
 Transformation to local coordinates 
 First  local vector :       -0.301511       -0.904534        0.301511
 Second local vector :       -0.639602        0.426401        0.639602
 Third  local vector :       -0.707107       -0.000000       -0.707107
   0.00205  0.00120  0.00000
   0.00120  0.00054  0.00000
   0.00000  0.00000  0.00094

  23 interaction with atom     2 cell     510
 with coordinates     6.724923E+00    3.362461E+00    3.362461E+00
 and distance     5.576011E+00
   0.00085  0.00095  0.00095
   0.00095  0.00134  0.00040
   0.00095  0.00040  0.00134
  Trace           0.00353
 Transformation to local coordinates 
 First  local vector :        0.904534        0.301511        0.301511
 Second local vector :       -0.426401        0.639602        0.639602
 Third  local vector :        0.000000       -0.707107        0.707107
   0.00205  0.00120  0.00000
   0.00120  0.00054  0.00000
   0.00000  0.00000  0.00094

  24 interaction with atom     2 cell     594
 with coordinates    -3.362461E+00    3.362461E+00    0.000000E+00
 and distance     5.576011E+00
   0.00085 -0.00095  0.00095
  -0.00095  0.00134 -0.00040
   0.00095 -0.00040  0.00134
  Trace           0.00353
 Transformation to local coordinates 
 First  local vector :       -0.904534        0.301511       -0.301511
 Second local vector :        0.426401        0.639602       -0.639602
 Third  local vector :       -0.000000       -0.707107       -0.707107
   0.00205  0.00120  0.00000
   0.00120  0.00054  0.00000
   0.00000  0.00000  0.00094

  25 interaction with atom     2 cell     595
 with coordinates     0.000000E+00    6.724923E+00    0.000000E+00
 and distance     5.576011E+00
   0.00134 -0.00095  0.00040
  -0.00095  0.00085 -0.00095
   0.00040 -0.00095  0.00134
  Trace           0.00353
 Transformation to local coordinates 
 First  local vector :       -0.301511        0.904534       -0.301511
 Second local vector :       -0.639602       -0.426401       -0.639602
 Third  local vector :       -0.707107        0.000000        0.707107
   0.00205  0.00120  0.00000
   0.00120  0.00054  0.00000
   0.00000  0.00000  0.00094

  26 interaction with atom     2 cell     604
 with coordinates    -3.362461E+00    0.000000E+00    3.362461E+00
 and distance     5.576011E+00
   0.00085  0.00095 -0.00095
   0.00095  0.00134 -0.00040
  -0.00095 -0.00040  0.00134
  Trace           0.00353
 Transformation to local coordinates 
 First  local vector :       -0.904534       -0.301511        0.301511
 Second local vector :        0.426401       -0.639602        0.639602
 Third  local vector :        0.000000        0.707107        0.707107
   0.00205  0.00120  0.00000
   0.00120  0.00054  0.00000
   0.00000  0.00000  0.00094

  27 interaction with atom     2 cell     606
 with coordinates     3.362461E+00    6.724923E+00    3.362461E+00
 and distance     5.576011E+00
   0.00134  0.00095  0.00040
   0.00095  0.00085  0.00095
   0.00040  0.00095  0.00134
  Trace           0.00353
 Transformation to local coordinates 
 First  local vector :        0.301511        0.904534        0.301511
 Second local vector :        0.639602       -0.426401        0.639602
 Third  local vector :        0.707107       -0.000000       -0.707107
   0.00205  0.00120  0.00000
   0.00120  0.00054  0.00000
   0.00000  0.00000  0.00094

  28 interaction with atom     2 cell     615
 with coordinates     0.000000E+00    0.000000E+00    6.724923E+00
 and distance     5.576011E+00
   0.00134  0.00040 -0.00095
   0.00040  0.00134 -0.00095
  -0.00095 -0.00095  0.00085
  Trace           0.00353
 Transformation to local coordinates 
 First  local vector :       -0.301511       -0.301511        0.904534
 Second local vector :       -0.639602       -0.639602       -0.426401
 Third  local vector :        0.707107       -0.707107        0.000000
   0.00205  0.00120  0.00000
   0.00120  0.00054  0.00000
   0.00000  0.00000  0.00094

  29 interaction with atom     2 cell     616
 with coordinates     3.362461E+00    3.362461E+00    6.724923E+00
 and distance     5.576011E+00
   0.00134  0.00040  0.00095
   0.00040  0.00134  0.00095
   0.00095  0.00095  0.00085
  Trace           0.00353
 Transformation to local coordinates 
 First  local vector :        0.301511        0.301511        0.904534
 Second local vector :        0.639602        0.639602       -0.426401
 Third  local vector :       -0.707107        0.707107       -0.000000
   0.00205  0.00120  0.00000
   0.00120  0.00054  0.00000
   0.00000  0.00000  0.00094

  30 interaction with atom     1 cell     381
 with coordinates     1.681231E+00    1.681231E+00   -5.043692E+00
 and distance     6.724923E+00
  -0.00047  0.00000  0.00000
   0.00000 -0.00047  0.00000
   0.00000  0.00000 -0.00083
  Trace          -0.00176
 Transformation to local coordinates 
 First  local vector :        0.000000        0.000000       -1.000000
 Second local vector :        1.000000        0.000000        0.000000
 Third  local vector :        0.000000       -1.000000        0.000000
  -0.00083  0.00000  0.00000
   0.00000 -0.00047  0.00000
   0.00000  0.00000 -0.00047

  31 interaction with atom     1 cell     401
 with coordinates     1.681231E+00   -5.043692E+00    1.681231E+00
 and distance     6.724923E+00
  -0.00047  0.00000  0.00000
   0.00000 -0.00083  0.00000
   0.00000  0.00000 -0.00047
  Trace          -0.00176
 Transformation to local coordinates 
 First  local vector :        0.000000       -1.000000        0.000000
 Second local vector :        1.000000        0.000000        0.000000
 Third  local vector :       -0.000000        0.000000        1.000000
  -0.00083  0.00000  0.00000
   0.00000 -0.00047  0.00000
   0.00000  0.00000 -0.00047

  32 interaction with atom     1 cell     403
 with coordinates     8.406153E+00    1.681231E+00    1.681231E+00
 and distance     6.724923E+00
  -0.00083  0.00000  0.00000
   0.00000 -0.00047  0.00000
   0.00000  0.00000 -0.00047
  Trace          -0.00176
 Transformation to local coordinates 
 First  local vector :        1.000000        0.000000        0.000000
 Second local vector :       -0.000000        1.000000       -0.000000
 Third  local vector :       -0.000000        0.000000        1.000000
  -0.00083  0.00000  0.00000
   0.00000 -0.00047  0.00000
   0.00000  0.00000 -0.00047

  33 interaction with atom     1 cell     593
 with coordinates    -5.043692E+00    1.681231E+00    1.681231E+00
 and distance     6.724923E+00
  -0.00083  0.00000  0.00000
   0.00000 -0.00047  0.00000
   0.00000  0.00000 -0.00047
  Trace          -0.00176
 Transformation to local coordinates 
 First  local vector :       -1.000000        0.000000        0.000000
 Second local vector :        0.000000        1.000000        0.000000
 Third  local vector :        0.000000        0.000000       -1.000000
  -0.00083  0.00000  0.00000
   0.00000 -0.00047  0.00000
   0.00000  0.00000 -0.00047

  34 interaction with atom     1 cell     595
 with coordinates     1.681231E+00    8.406153E+00    1.681231E+00
 and distance     6.724923E+00
  -0.00047  0.00000  0.00000
   0.00000 -0.00083  0.00000
   0.00000  0.00000 -0.00047
  Trace          -0.00176
 Transformation to local coordinates 
 First  local vector :        0.000000        1.000000        0.000000
 Second local vector :        1.000000       -0.000000       -0.000000
 Third  local vector :        0.000000        0.000000       -1.000000
  -0.00083  0.00000  0.00000
   0.00000 -0.00047  0.00000
   0.00000  0.00000 -0.00047

  35 interaction with atom     1 cell     615
 with coordinates     1.681231E+00    1.681231E+00    8.406153E+00
 and distance     6.724923E+00
  -0.00047  0.00000  0.00000
   0.00000 -0.00047  0.00000
   0.00000  0.00000 -0.00083
  Trace          -0.00176
 Transformation to local coordinates 
 First  local vector :        0.000000        0.000000        1.000000
 Second local vector :        1.000000       -0.000000       -0.000000
 Third  local vector :        0.000000        1.000000       -0.000000
  -0.00083  0.00000  0.00000
   0.00000 -0.00047  0.00000
   0.00000  0.00000 -0.00047

  36 interaction with atom     2 cell     391
 with coordinates     0.000000E+00   -3.362461E+00   -3.362461E+00
 and distance     7.328315E+00
  -0.00331  0.00279  0.00279
   0.00279 -0.00077 -0.00107
   0.00279 -0.00107 -0.00077
  Trace          -0.00485
 Transformation to local coordinates 
 First  local vector :       -0.229416       -0.688247       -0.688247
 Second local vector :       -0.973329        0.162221        0.162221
 Third  local vector :       -0.000000        0.707107       -0.707107
  -0.00015  0.00320  0.00000
   0.00320 -0.00500  0.00000
   0.00000  0.00000  0.00030

  37 interaction with atom     2 cell     393
 with coordinates     6.724923E+00    3.362461E+00   -3.362461E+00
 and distance     7.328315E+00
  -0.00077  0.00279  0.00107
   0.00279 -0.00331 -0.00279
   0.00107 -0.00279 -0.00077
  Trace          -0.00485
 Transformation to local coordinates 
 First  local vector :        0.688247        0.229416       -0.688247
 Second local vector :       -0.162221        0.973329        0.162221
 Third  local vector :        0.707107       -0.000000        0.707107
  -0.00015  0.00320  0.00000
   0.00320 -0.00500  0.00000
   0.00000  0.00000  0.00030

  38 interaction with atom     2 cell     413
 with coordinates     6.724923E+00   -3.362461E+00    3.362461E+00
 and distance     7.328315E+00
  -0.00077  0.00107  0.00279
   0.00107 -0.00077 -0.00279
   0.00279 -0.00279 -0.00331
  Trace          -0.00485
 Transformation to local coordinates 
 First  local vector :        0.688247       -0.688247        0.229416
 Second local vector :       -0.162221        0.162221        0.973329
 Third  local vector :       -0.707107       -0.707107        0.000000
  -0.00015  0.00320  0.00000
   0.00320 -0.00500  0.00000
   0.00000  0.00000  0.00030

  39 interaction with atom     2 cell     487
 with coordinates    -3.362461E+00    0.000000E+00   -3.362461E+00
 and distance     7.328315E+00
  -0.00077  0.00279 -0.00107
   0.00279 -0.00331  0.00279
  -0.00107  0.00279 -0.00077
  Trace          -0.00485
 Transformation to local coordinates 
 First  local vector :       -0.688247       -0.229416       -0.688247
 Second local vector :        0.162221       -0.973329        0.162221
 Third  local vector :       -0.707107       -0.000000        0.707107
  -0.00015  0.00320  0.00000
   0.00320 -0.00500  0.00000
   0.00000  0.00000  0.00030

  40 interaction with atom     2 cell     489
 with coordinates     3.362461E+00    6.724923E+00   -3.362461E+00
 and distance     7.328315E+00
  -0.00331  0.00279 -0.00279
   0.00279 -0.00077  0.00107
  -0.00279  0.00107 -0.00077
  Trace          -0.00485
 Transformation to local coordinates 
 First  local vector :        0.229416        0.688247       -0.688247
 Second local vector :        0.973329       -0.162221        0.162221
 Third  local vector :        0.000000       -0.707107       -0.707107
  -0.00015  0.00320  0.00000
   0.00320 -0.00500  0.00000
   0.00000  0.00000  0.00030

  41 interaction with atom     2 cell     497
 with coordinates    -3.362461E+00   -3.362461E+00    0.000000E+00
 and distance     7.328315E+00
  -0.00077 -0.00107  0.00279
  -0.00107 -0.00077  0.00279
   0.00279  0.00279 -0.00331
  Trace          -0.00485
 Transformation to local coordinates 
 First  local vector :       -0.688247       -0.688247       -0.229416
 Second local vector :        0.162221        0.162221       -0.973329
 Third  local vector :        0.707107       -0.707107        0.000000
  -0.00015  0.00320  0.00000
   0.00320 -0.00500  0.00000
   0.00000  0.00000  0.00030

  42 interaction with atom     2 cell     500
 with coordinates     6.724923E+00    6.724923E+00    0.000000E+00
 and distance     7.328315E+00
  -0.00077 -0.00107 -0.00279
  -0.00107 -0.00077 -0.00279
  -0.00279 -0.00279 -0.00331
  Trace          -0.00485
 Transformation to local coordinates 
 First  local vector :        0.688247        0.688247       -0.229416
 Second local vector :       -0.162221       -0.162221       -0.973329
 Third  local vector :       -0.707107        0.707107       -0.000000
  -0.00015  0.00320  0.00000
   0.00320 -0.00500  0.00000
   0.00000  0.00000  0.00030

  43 interaction with atom     2 cell     519
 with coordinates     3.362461E+00   -3.362461E+00    6.724923E+00
 and distance     7.328315E+00
  -0.00331 -0.00279  0.00279
  -0.00279 -0.00077  0.00107
   0.00279  0.00107 -0.00077
  Trace          -0.00485
 Transformation to local coordinates 
 First  local vector :        0.229416       -0.688247        0.688247
 Second local vector :        0.973329        0.162221       -0.162221
 Third  local vector :       -0.000000        0.707107        0.707107
  -0.00015  0.00320  0.00000
   0.00320 -0.00500  0.00000
   0.00000  0.00000  0.00030

  44 interaction with atom     2 cell     520
 with coordinates     6.724923E+00    0.000000E+00    6.724923E+00
 and distance     7.328315E+00
  -0.00077 -0.00279 -0.00107
  -0.00279 -0.00331 -0.00279
  -0.00107 -0.00279 -0.00077
  Trace          -0.00485
 Transformation to local coordinates 
 First  local vector :        0.688247       -0.229416        0.688247
 Second local vector :       -0.162221       -0.973329       -0.162221
 Third  local vector :        0.707107        0.000000       -0.707107
  -0.00015  0.00320  0.00000
   0.00320 -0.00500  0.00000
   0.00000  0.00000  0.00030

  45 interaction with atom     2 cell     701
 with coordinates    -3.362461E+00    6.724923E+00    3.362461E+00
 and distance     7.328315E+00
  -0.00077  0.00107 -0.00279
   0.00107 -0.00077  0.00279
  -0.00279  0.00279 -0.00331
  Trace          -0.00485
 Transformation to local coordinates 
 First  local vector :       -0.688247        0.688247        0.229416
 Second local vector :        0.162221       -0.162221        0.973329
 Third  local vector :        0.707107        0.707107       -0.000000
  -0.00015  0.00320  0.00000
   0.00320 -0.00500  0.00000
   0.00000  0.00000  0.00030

  46 interaction with atom     2 cell     711
 with coordinates    -3.362461E+00    3.362461E+00    6.724923E+00
 and distance     7.328315E+00
  -0.00077 -0.00279  0.00107
  -0.00279 -0.00331  0.00279
   0.00107  0.00279 -0.00077
  Trace          -0.00485
 Transformation to local coordinates 
 First  local vector :       -0.688247        0.229416        0.688247
 Second local vector :        0.162221        0.973329       -0.162221
 Third  local vector :       -0.707107        0.000000       -0.707107
  -0.00015  0.00320  0.00000
   0.00320 -0.00500  0.00000
   0.00000  0.00000  0.00030

  47 interaction with atom     2 cell     712
 with coordinates     0.000000E+00    6.724923E+00    6.724923E+00
 and distance     7.328315E+00
  -0.00331 -0.00279 -0.00279
  -0.00279 -0.00077 -0.00107
  -0.00279 -0.00107 -0.00077
  Trace          -0.00485
 Transformation to local coordinates 
 First  local vector :       -0.229416        0.688247        0.688247
 Second local vector :       -0.973329       -0.162221       -0.162221
 Third  local vector :        0.000000       -0.707107        0.707107
  -0.00015  0.00320  0.00000
   0.00320 -0.00500  0.00000
   0.00000  0.00000  0.00030

  48 interaction with atom     1 cell     285
 with coordinates     5.043692E+00   -1.681231E+00   -5.043692E+00
 and distance     8.236314E+00
  -0.00040 -0.00029  0.00024
  -0.00029 -0.00040 -0.00024
  -0.00016  0.00016  0.00030
  Trace          -0.00050
 Transformation to local coordinates 
 First  local vector :        0.408248       -0.408248       -0.816497
 Second local vector :        0.577350       -0.577350        0.577350
 Third  local vector :       -0.707107       -0.707107        0.000000
   0.00011  0.00007  0.00000
  -0.00050  0.00008  0.00000
   0.00000  0.00000 -0.00069

  49 interaction with atom     1 cell     295
 with coordinates     5.043692E+00   -5.043692E+00   -1.681231E+00
 and distance     8.236314E+00
  -0.00040  0.00024 -0.00029
  -0.00016  0.00030  0.00016
  -0.00029 -0.00024 -0.00040
  Trace          -0.00050
 Transformation to local coordinates 
 First  local vector :        0.408248       -0.816497       -0.408248
 Second local vector :        0.577350        0.577350       -0.577350
 Third  local vector :        0.707107        0.000000        0.707107
   0.00011  0.00007  0.00000
  -0.00050  0.00008  0.00000
   0.00000  0.00000 -0.00069

  50 interaction with atom     1 cell     296
 with coordinates     8.406153E+00   -1.681231E+00   -1.681231E+00
 and distance     8.236314E+00
   0.00030 -0.00016 -0.00016
   0.00024 -0.00040  0.00029
   0.00024  0.00029 -0.00040
  Trace          -0.00050
 Transformation to local coordinates 
 First  local vector :        0.816497       -0.408248       -0.408248
 Second local vector :       -0.577350       -0.577350       -0.577350
 Third  local vector :        0.000000        0.707107       -0.707107
   0.00011  0.00007  0.00000
  -0.00050  0.00008  0.00000
   0.00000  0.00000 -0.00069

  51 interaction with atom     1 cell     380
 with coordinates    -1.681231E+00   -1.681231E+00   -5.043692E+00
 and distance     8.236314E+00
  -0.00040  0.00029  0.00016
   0.00029 -0.00040  0.00016
  -0.00024 -0.00024  0.00030
  Trace          -0.00050
 Transformation to local coordinates 
 First  local vector :       -0.408248       -0.408248       -0.816497
 Second local vector :        0.577350        0.577350       -0.577350
 Third  local vector :        0.707107       -0.707107        0.000000
   0.00011  0.00050  0.00000
  -0.00007  0.00008  0.00000
   0.00000  0.00000 -0.00069

  52 interaction with atom     1 cell     382
 with coordinates     5.043692E+00    5.043692E+00   -5.043692E+00
 and distance     8.236314E+00
  -0.00040  0.00029 -0.00016
   0.00029 -0.00040 -0.00016
   0.00024  0.00024  0.00030
  Trace          -0.00050
 Transformation to local coordinates 
 First  local vector :        0.408248        0.408248       -0.816497
 Second local vector :       -0.577350       -0.577350       -0.577350
 Third  local vector :       -0.707107        0.707107       -0.000000
   0.00011  0.00050  0.00000
  -0.00007  0.00008  0.00000
   0.00000  0.00000 -0.00069

  53 interaction with atom     1 cell     390
 with coordinates    -1.681231E+00   -5.043692E+00   -1.681231E+00
 and distance     8.236314E+00
  -0.00040  0.00016  0.00029
  -0.00024  0.00030 -0.00024
   0.00029  0.00016 -0.00040
  Trace          -0.00050
 Transformation to local coordinates 
 First  local vector :       -0.408248       -0.816497       -0.408248
 Second local vector :        0.577350       -0.577350        0.577350
 Third  local vector :       -0.707107       -0.000000        0.707107
   0.00011  0.00050  0.00000
  -0.00007  0.00008  0.00000
   0.00000  0.00000 -0.00069

  54 interaction with atom     1 cell     393
 with coordinates     8.406153E+00    5.043692E+00   -1.681231E+00
 and distance     8.236314E+00
   0.00030 -0.00024  0.00024
   0.00016 -0.00040 -0.00029
  -0.00016 -0.00029 -0.00040
  Trace          -0.00050
 Transformation to local coordinates 
 First  local vector :        0.816497        0.408248       -0.408248
 Second local vector :        0.577350       -0.577350        0.577350
 Third  local vector :       -0.000000       -0.707107       -0.707107
   0.00011  0.00050  0.00000
  -0.00007  0.00008  0.00000
   0.00000  0.00000 -0.00069

  55 interaction with atom     1 cell     412
 with coordinates     5.043692E+00   -5.043692E+00    5.043692E+00
 and distance     8.236314E+00
  -0.00040 -0.00016  0.00029
   0.00024  0.00030  0.00024
   0.00029 -0.00016 -0.00040
  Trace          -0.00050
 Transformation to local coordinates 
 First  local vector :        0.408248       -0.816497        0.408248
 Second local vector :       -0.577350       -0.577350       -0.577350
 Third  local vector :        0.707107       -0.000000       -0.707107
   0.00011  0.00050  0.00000
  -0.00007  0.00008  0.00000
   0.00000  0.00000 -0.00069

  56 interaction with atom     1 cell     413
 with coordinates     8.406153E+00   -1.681231E+00    5.043692E+00
 and distance     8.236314E+00
   0.00030  0.00024 -0.00024
  -0.00016 -0.00040 -0.00029
   0.00016 -0.00029 -0.00040
  Trace          -0.00050
 Transformation to local coordinates 
 First  local vector :        0.816497       -0.408248        0.408248
 Second local vector :        0.577350        0.577350       -0.577350
 Third  local vector :        0.000000        0.707107        0.707107
   0.00011  0.00050  0.00000
  -0.00007  0.00008  0.00000
   0.00000  0.00000 -0.00069

  57 interaction with atom     1 cell     477
 with coordinates    -1.681231E+00    5.043692E+00   -5.043692E+00
 and distance     8.236314E+00
  -0.00040 -0.00029 -0.00024
  -0.00029 -0.00040  0.00024
   0.00016 -0.00016  0.00030
  Trace          -0.00050
 Transformation to local coordinates 
 First  local vector :       -0.408248        0.408248       -0.816497
 Second local vector :       -0.577350        0.577350        0.577350
 Third  local vector :        0.707107        0.707107       -0.000000
   0.00011  0.00007  0.00000
  -0.00050  0.00008  0.00000
   0.00000  0.00000 -0.00069

  58 interaction with atom     1 cell     486
 with coordinates    -5.043692E+00   -1.681231E+00   -1.681231E+00
 and distance     8.236314E+00
   0.00030 -0.00024 -0.00024
   0.00016 -0.00040  0.00029
   0.00016  0.00029 -0.00040
  Trace          -0.00050
 Transformation to local coordinates 
 First  local vector :       -0.816497       -0.408248       -0.408248
 Second local vector :       -0.577350        0.577350        0.577350
 Third  local vector :       -0.000000        0.707107       -0.707107
   0.00011  0.00050  0.00000
  -0.00007  0.00008  0.00000
   0.00000  0.00000 -0.00069

  59 interaction with atom     1 cell     489
 with coordinates     5.043692E+00    8.406153E+00   -1.681231E+00
 and distance     8.236314E+00
  -0.00040  0.00016 -0.00029
  -0.00024  0.00030  0.00024
  -0.00029 -0.00016 -0.00040
  Trace          -0.00050
